[dgf]
ids = [ "actp", "accoa", "coa", "co", "nadh", "nad", "co2", "h2", "h2e", "for", "ac", "ace", "etoh", "etohe", "nadph", "nadp", "pyr", "adp", "atp", "pi", "acald", "bdo", "bdoe",]
mean_vector = [ -1131.4797064532, -2106.6454096011, -2034.1606043667, -119.9, -1335.6026772232, -1394.8411413143, -386.0, 84.6118129221, 84.6118129221, -315.6075410219, -268.8623901911, -268.8623901911, 21.8689504927, 21.8689504927, -2213.7340058754, -2270.9878122679, -368.4578810872, -1514.1340262408, -2386.2387101715, -1069.3863035777, -6.0546276899, 5.5725905954, 5.5725905954,]
covariance_matrix = [ [ 1.2181912123, 0.1881993357, -0.4453620782, -0.0, -0.0944937212, -0.136077754, 0.0, -0.0, -0.0, -0.3288942815, 0.7812766216, 0.7812766216, 0.4006166009, 0.4006166009, 0.1215083615, 0.0681062959, -0.0957937314, 0.1395441272, 0.3437281771, 0.2979493223, 0.363687282, 0.0, 0.0,], [ 0.1881993357, 61.2753144991, 61.0962504413, 0.0, 21.8475840069, 21.8344446735, -0.0, 0.0, 0.0, -0.0947470145, 0.1920515217, 0.1920515217, 0.1089348859, 0.1089348859, 21.8683969487, 21.8378470662, 0.0127093518, 0.0020199678, 0.0054223605, 0.0368799254, 0.0969965508, 0.5694032497, 0.5694032497,], [ -0.4453620782, 61.0962504413, 61.9088609951, 0.0, 21.884536089, 21.7648803428, -0.0, 0.0, 0.0, 0.3365811661, -0.3905821626, -0.3905821626, -0.2750285295, -0.2750285295, 21.8169675882, 21.6911151061, 0.0056316223, -0.028433108, -0.1021983447, 0.2870303202, -0.3980422442, 0.5694032497, 0.5694032497,], [ -0.0, 0.0, 0.0, 8.6045308091, 0.0, 0.0, 0.0, 0.0, 0.0, 0.0, -0.0, -0.0, 0.0, 0.0, 0.0, 0.0, -0.0, -0.0, -0.0, 0.0, -0.0, 0.0, 0.0,], [ -0.0944937212, 21.8475840069, 21.884536089, 0.0, 44.8633392605, 44.6789721766, 0.0, -0.0, -0.0, 0.012285374, 0.0527506937, 0.0527506937, 0.2240729286, 0.2240729286, 41.2210962729, 41.0894791737, -0.0163292414, 0.1798387823, 0.0286922256, -0.0601524155, 0.0529575622, -1.1027697366, -1.1027697366,], [ -0.136077754, 21.8344446735, 21.7648803428, 0.0, 44.6789721766, 44.8295130696, 0.0, 0.0, 0.0, -0.0195119944, -0.0509554677, -0.0509554677, -0.1349959992, -0.1349959992, 41.1374728256, 41.2778854727, 0.0730860888, 0.2097622169, 0.1175088882, -0.2068120368, -0.007155236, -1.1027697366, -1.1027697366,], [ 0.0, -0.0, -0.0, 0.0, 0.0, 0.0, 8.6095464252, -0.0, -0.0, -0.0, 0.0, 0.0, 0.0, 0.0, 0.0, 0.0, 0.0, 0.0, 0.0, -0.0, 0.0, -0.0, -0.0,], [ -0.0, 0.0, 0.0, 0.0, -0.0, 0.0, -0.0, 8.6021013189, 8.5958661157, 0.0, -0.0, -0.0, -0.0, -0.0, -0.0, -0.0, -0.0, -0.0, -0.0, 0.0, -0.0, 0.0, 0.0,], [ -0.0, 0.0, 0.0, 0.0, -0.0, 0.0, -0.0, 8.5958661157, 8.6040442603, 0.0, -0.0, -0.0, -0.0, -0.0, -0.0, -0.0, -0.0, -0.0, -0.0, 0.0, -0.0, 0.0, 0.0,], [ -0.3288942815, -0.0947470145, 0.3365811661, 0.0, 0.012285374, -0.0195119944, -0.0, 0.0, 0.0, 1.8465418981, -0.2169919273, -0.2169919273, -0.1946087653, -0.1946087653, -0.0743055478, -0.0984800565, 0.1412491439, -0.0401644239, -0.119132486, 0.1336263355, -0.2277288383, 0.0, 0.0,], [ 0.7812766216, 0.1920515217, -0.3905821626, -0.0, 0.0527506937, -0.0509554677, 0.0, -0.0, -0.0, -0.2169919273, 0.9839878505, 0.9675246397, 0.4759285282, 0.4759285282, -0.0574581445, -0.1696876907, -0.0203596348, -0.0484987801, -0.167231003, 0.1673237269, 0.3777647037, -0.0, -0.0,], [ 0.7812766216, 0.1920515217, -0.3905821626, -0.0, 0.0527506937, -0.0509554677, 0.0, -0.0, -0.0, -0.2169919273, 0.9675246397, 0.9710576727, 0.4759285282, 0.4759285282, -0.0574581445, -0.1696876907, -0.0203596348, -0.0484987801, -0.167231003, 0.1673237269, 0.3777647037, -0.0, -0.0,], [ 0.4006166009, 0.1089348859, -0.2750285295, 0.0, 0.2240729286, -0.1349959992, 0.0, -0.0, -0.0, -0.1946087653, 0.4759285282, 0.4759285282, 1.9902318878, 1.9826678146, 0.1315653466, -0.1911935019, -0.1232832891, -0.0390749772, -0.0952724799, 0.0556346386, 1.5425542465, 0.0, 0.0,], [ 0.4006166009, 0.1089348859, -0.2750285295, 0.0, 0.2240729286, -0.1349959992, 0.0, -0.0, -0.0, -0.1946087653, 0.4759285282, 0.4759285282, 1.9826678146, 1.9865732068, 0.1315653466, -0.1911935019, -0.1232832891, -0.0390749772, -0.0952724799, 0.0556346386, 1.5425542465, 0.0, 0.0,], [ 0.1215083615, 21.8683969487, 21.8169675882, 0.0, 41.2210962729, 41.1374728256, 0.0, -0.0, -0.0, -0.0743055478, -0.0574581445, -0.0574581445, 0.1315653466, 0.1315653466, 46.646042372, 46.4784222986, -0.0963609523, 0.3698961653, 0.5533259689, 0.0827369858, 0.0494746699, -1.1027697366, -1.1027697366,], [ 0.0681062959, 21.8378470662, 21.6911151061, 0.0, 41.0894791737, 41.2778854727, 0.0, -0.0, -0.0, -0.0984800565, -0.1696876907, -0.1696876907, -0.1911935019, -0.1911935019, 46.4784222986, 46.689439548, -0.0155914391, 0.4027584316, 0.642006242, -0.065948247, -0.0050880048, -1.1027697366, -1.1027697366,], [ -0.0957937314, 0.0127093518, 0.0056316223, -0.0, -0.0163292414, 0.0730860888, 0.0, -0.0, -0.0, 0.1412491439, -0.0203596348, -0.0203596348, -0.1232832891, -0.1232832891, -0.0963609523, -0.0155914391, 0.5797918663, -0.0454928479, -0.1341703758, -0.13346459, -0.0353792795, -0.0, -0.0,], [ 0.1395441272, 0.0020199678, -0.028433108, -0.0, 0.1798387823, 0.2097622169, 0.0, -0.0, -0.0, -0.0401644239, -0.0484987801, -0.0484987801, -0.0390749772, -0.0390749772, 0.3698961653, 0.4027584316, -0.0454928479, 1.5183888807, 1.695559566, 0.1180043227, -0.0095821543, 0.0, 0.0,], [ 0.3437281771, 0.0054223605, -0.1021983447, -0.0, 0.0286922256, 0.1175088882, 0.0, -0.0, -0.0, -0.119132486, -0.167231003, -0.167231003, -0.0952724799, -0.0952724799, 0.5533259689, 0.642006242, -0.1341703758, 1.695559566, 2.227566522, 0.2588681125, -0.0075149232, 0.0, 0.0,], [ 0.2979493223, 0.0368799254, 0.2870303202, 0.0, -0.0601524155, -0.2068120368, -0.0, 0.0, 0.0, 0.1336263355, 0.1673237269, 0.1673237269, 0.0556346386, 0.0556346386, 0.0827369858, -0.065948247, -0.13346459, 0.1180043227, 0.2588681125, 0.5723691472, -0.090434162, 0.0, 0.0,], [ 0.363687282, 0.0969965508, -0.3980422442, -0.0, 0.0529575622, -0.007155236, 0.0, -0.0, -0.0, -0.2277288383, 0.3777647037, 0.3777647037, 1.5425542465, 1.5425542465, 0.0494746699, -0.0050880048, -0.0353792795, -0.0095821543, -0.0075149232, -0.090434162, 1.5026206165, -0.0, -0.0,], [ 0.0, 0.5694032497, 0.5694032497, 0.0, -1.1027697366, -1.1027697366, -0.0, 0.0, 0.0, 0.0, -0.0, -0.0, 0.0, 0.0, -1.1027697366, -1.1027697366, -0.0, 0.0, 0.0, 0.0, -0.0, 1.9527161404, 1.9435452642,], [ 0.0, 0.5694032497, 0.5694032497, 0.0, -1.1027697366, -1.1027697366, -0.0, 0.0, 0.0, 0.0, -0.0, -0.0, 0.0, 0.0, -1.1027697366, -1.1027697366, -0.0, 0.0, 0.0, 0.0, -0.0, 1.9435452642, 1.9455964541,],]
