kcat = [
  # from https://www.jbc.org/article/S0021-9258(19)61223-8/fulltext#seccestitle120 
  {enzyme = "cPFOR", reaction = "pyrs",      exploc = 3, scale = 0.4},  # optimized (reverse direction)
  # {enzyme = "cPFORCO2", reaction = "pyrsco2",      exploc = 299.4670, scale = 0.4},  # optimized (reverse direction)
  # {enzyme = "cACS",  reaction = "codhacs",   exploc = 360,      scale = 0.2},
  {enzyme = "RNF",   reaction = "rnf",       exploc = 309.1390, scale = 1.0},  # optimized
  # {enzyme = "CODH",  reaction = "codh",      exploc = 13.0, scale = 1.0},  # optimized
  {enzyme = "CODH",  reaction = "codh",      exploc = 300.0, scale = 1.0},  # optimized
  {enzyme = "FHL",   reaction = "fhl",       exploc = 29.0,     scale = 0.5},
  {enzyme = "HytA",   reaction = "hyt",       exploc = 29.0,     scale = 0.5},
  {enzyme = "HytA2",   reaction = "fhlrevhyt",       exploc = 29.0,     scale = 0.5},
  {enzyme = "HytA3",   reaction = "hytfdr",       exploc = 29.0,     scale = 0.5},
  {enzyme = "ADH",   reaction = "adrcodh",   exploc = 481.6190, scale=1.0},    # optimized
  {enzyme = "ADH2",   reaction = "adr",   exploc = 481.6190, scale=1.0},    # optimized
  # {enzyme = "HytA",  reaction = "hytnad",    exploc = 20.0,     scale=1.0},    # todo
  # {enzyme = "HytA2", reaction = "hytnadp",   exploc = 20.0,     scale=1.0},    # todo
  {enzyme = "CO2t",  reaction = "CO2Trans",  exploc = 197.0580, scale=1.0},    # optimzed (reverse direction)
  {enzyme = "COt",   reaction = "COTrans",   exploc = 394.8940, scale=1.0},    # optimized
  {enzyme = "H2t",   reaction = "H2Trans",   exploc = 103.7300, scale=1.0},    # optimized
  {enzyme = "Act",   reaction = "AcTrans",   exploc = 34.0391,  scale=1.0},    # optimized
  {enzyme = "Bdot",   reaction = "BdoTrans",   exploc = 34.0391,  scale=1.0},    # optimized
  # {enzyme = "pyrt",   reaction = "pyrTrans",   exploc = 103.7300, scale=1.0},    # optimized
  # {enzyme = "formt",   reaction = "formTrans",   exploc = 103.7300, scale=1.0},    # optimized
  # {enzyme = "accoat",   reaction = "accoaTrans",   exploc = 103.7300, scale=1.0},    # optimized
  {enzyme = "Etoht", reaction = "EtohTrans", exploc = 668.9580, scale=1.0},    # optimized
  {enzyme = "ACK", reaction = "ackr", pct1 = 16.0, pct99 = 53.0},
  {enzyme = "PTA", reaction = "PTAr", pct1 = 19.0, pct99 = 24.0},
  {enzyme = "CAETHGRS07665",   reaction = "nfn",       exploc = 50.0,     scale = 0.5},
  # {enzyme = "MTHFO", reaction = "MTHFOcodh",    pct1 = 20.0,     pct99 = 140.0},
  # {enzyme = "MTHFO2", reaction = "codhacsmetv",    pct1 = 20.0,     pct99 = 140.0},
  # {enzyme = "CAETHGRS07845", reaction = "mthfcd",    pct1 = 20.0,     pct99 = 140.0},
  {enzyme = "FTHFLi", reaction = "fthfli", exploc = 500.0, scale = 2.0},
  # {enzyme = "ADHalone", reaction = "adredox", pct1 = 3.0, pct99 = 600.0},
  {enzyme = "ACALD", reaction = "acaldr", pct1 = 3.0, pct99 = 600.0},
  {enzyme = "ACALD2", reaction = "acaldrnad", pct1 = 3.0, pct99 = 600.0},
  {enzyme = "BMC", reaction = "bmcacald", pct1 = 3.0, pct99 = 600.0},
  {enzyme = "ALCD2ir", reaction = "etohredox", exploc = 19.0, scale=1.0},  # optimized
  {enzyme = "CAETHGRS14410", reaction = "BDOOX", pct1 = 0.7, pct99 = 66.67},
]
km = [
  {metabolite = "accoa",  compartment = "c", enzyme = "cPFOR", exploc = 9e-6,         scale = 0.7},
  {metabolite = "coa",    compartment = "c", enzyme = "cPFOR", exploc = 1e-8,         scale=1.0},
  {metabolite = "pyr",    compartment = "c", enzyme = "cPFOR", exploc = 3e-4,       scale= 1.0},
  {metabolite = "co",     compartment = "c", enzyme = "cPFOR", exploc = 2e-5,         scale = 2.0},
  {metabolite = "ac",     compartment = "c", enzyme = "ADH",   exploc=0.00018,         scale = 0.2},
  {metabolite = "etoh",   compartment = "c", enzyme = "ADH",   exploc=0.00075,        scale = 0.3},
  {metabolite = "nadh",  compartment = "c", enzyme = "ADH",   exploc=2.00093e-08,    scale=2.0},
  {metabolite = "nad",   compartment = "c", enzyme = "ADH",   exploc=2.85e-06,    scale=2.0},
  {metabolite = "co",     compartment = "c", enzyme = "ADH",  exploc = 1.8e-5, scale = 2.0},
  {metabolite = "co2",    compartment = "c", enzyme = "ADH",  exploc = 9e-4, scale = 1.0},
  {metabolite = "ac",     compartment = "c", enzyme = "ADH2",   exploc=0.00018,         scale = 0.2},
  {metabolite = "acald",    compartment = "c", enzyme = "ADH2",   exploc = 1e-5,      scale = 1.0},
  # {metabolite = "nadph",  compartment = "c", enzyme = "RNF", exploc=2.00093e-08,    scale=2.0},
  # {metabolite = "nadp",   compartment = "c", enzyme = "RNF", exploc=2.85e-06,    scale=2.0},
  {metabolite = "nadh",   compartment = "c", enzyme = "RNF",   exploc=5e-8,           scale=2.0},
  {metabolite = "nad",    compartment = "c", enzyme = "RNF",   exploc=1.15e-5,        scale=2.0},
  {metabolite = "nadh",   compartment = "c", enzyme = "CODH",   exploc=5e-8,           scale=2.0},
  {metabolite = "nad",    compartment = "c", enzyme = "CODH",   exploc=1.15e-5,        scale=2.0},
  {metabolite = "nadph",  compartment = "c", enzyme = "CODH", exploc=6.00093e-08,    scale=2.0},
  {metabolite = "nadp",   compartment = "c", enzyme = "CODH", exploc=2.85e-07,    scale=2.0},
  {metabolite = "co",     compartment = "c", enzyme = "CODH",  exploc = 1.8e-5, scale = 2.0},
  {metabolite = "co2",    compartment = "c", enzyme = "CODH",  exploc = 9e-4, scale = 1.0},
  # not known, optimized
  {metabolite = "for",    compartment = "c", enzyme = "FHL",     exploc = 1e-07,      scale = 1.0},
  {metabolite = "co2",    compartment = "c", enzyme = "FHL",   exploc = 0.0011,       scale = 0.4},
  {metabolite = "h2",     compartment = "c", enzyme = "FHL",   exploc = 1e-6,       scale = 0.5},
  {metabolite = "for",    compartment = "c", enzyme = "HytA",     exploc = 1e-07,      scale = 1.0},
  {metabolite = "co2",    compartment = "c", enzyme = "HytA",   exploc = 0.0011,       scale = 0.4},
  {metabolite = "h2",     compartment = "c", enzyme = "HytA",    exploc = 8e-5,       scale = 0.5},
  {metabolite = "nadph",  compartment = "c", enzyme = "HytA", exploc=6.00093e-08,    scale=2.0},
  {metabolite = "nadp",   compartment = "c", enzyme = "HytA", exploc=2.85e-06,    scale=2.0},
  {metabolite = "for",    compartment = "c", enzyme = "HytA3",     exploc = 1e-07,      scale = 1.0},
  {metabolite = "co2",    compartment = "c", enzyme = "HytA3",   exploc = 0.0011,       scale = 0.4},
  {metabolite = "h2",     compartment = "c", enzyme = "HytA3",    exploc = 8e-5,       scale = 0.5},
  {metabolite = "nadph",  compartment = "c", enzyme = "HytA3", exploc=6.00093e-08,    scale=2.0},
  {metabolite = "nadp",   compartment = "c", enzyme = "HytA3", exploc=2.85e-06,    scale=2.0},
  {metabolite = "for",    compartment = "c", enzyme = "HytA2",     exploc = 1e-07,      scale = 1.0},
  {metabolite = "co2",    compartment = "c", enzyme = "HytA2",   exploc = 1.1e-8,       scale = 2.0},
  {metabolite = "nadh",   compartment = "c", enzyme = "HytA2",  exploc=2e-8,           scale=2.0},
  {metabolite = "nad",    compartment = "c", enzyme = "HytA2",  exploc=1.15e-7,        scale=2.0},
  {metabolite = "nadph",  compartment = "c", enzyme = "HytA2", exploc=6.00093e-08,    scale=2.0},
  {metabolite = "nadp",   compartment = "c", enzyme = "HytA2", exploc=2.85e-07,    scale=2.0},
  {metabolite = "for",    compartment = "c", enzyme = "HytA3",     exploc = 1e-07,      scale = 1.0},
  {metabolite = "co2",    compartment = "c", enzyme = "HytA3",   exploc = 0.0011,       scale = 0.4},
  {metabolite = "h2",     compartment = "c", enzyme = "HytA3",    exploc = 8e-5,       scale = 0.5},
  {metabolite = "nadh",  compartment = "c", enzyme =  "HytA3", exploc=6.00093e-08,    scale=2.0},
  {metabolite = "nad",   compartment = "c", enzyme =  "HytA3", exploc=2.85e-06,    scale=2.0},
  # {metabolite = "nadph",  compartment = "c", enzyme = "HytFHL", exploc=6.00093e-07,    scale=2.0},
  # {metabolite = "nadp",   compartment = "c", enzyme = "HytFHL", exploc=2.85e-06,    scale=2.0},
  # {metabolite = "for",    compartment = "c", enzyme = "HytFHL",     exploc = 1e-07,      scale = 1.0},
  # {metabolite = "co2",    compartment = "c", enzyme = "HytFHL",   exploc = 0.0011,       scale = 0.4},
  {metabolite = "nadh",   compartment = "c", enzyme = "CAETHGRS07665",   exploc=2e-8,           scale=2.0},
  {metabolite = "nad",    compartment = "c", enzyme = "CAETHGRS07665",   exploc=1.15e-6,        scale=2.0},
  {metabolite = "nadph",  compartment = "c", enzyme = "CAETHGRS07665",   exploc=6.00093e-08,    scale=2.0},
  {metabolite = "nadp",   compartment = "c", enzyme = "CAETHGRS07665",   exploc=2.85e-07,    scale=2.0},
  # {metabolite = "nadh",   compartment = "c", enzyme = "MTHFO",   exploc=2e-7,           scale=2.0},
  # {metabolite = "nad",    compartment = "c", enzyme = "MTHFO",   exploc=1.15e-5,        scale=2.0},
  # {metabolite = "5mthf",  compartment = "c", enzyme = "MTHFO",   exploc=3.7052e-08,  scale=2.0},
  # {metabolite = "mlthf",  compartment = "c", enzyme = "MTHFO",   exploc=5.003e-09,  scale=2.0},
  # {metabolite = "co",     compartment = "c", enzyme = "MTHFO",  exploc = 2e-3,      scale = 2.0},
  # {metabolite = "co2",    compartment = "c", enzyme = "MTHFO",  exploc = 1.218110e-05, scale = 1.0},
  {metabolite = "nadh",   compartment = "c", enzyme = "FTHFLi",   exploc=2e-8,           scale=2.0},
  {metabolite = "nad",    compartment = "c", enzyme = "FTHFLi",   exploc=1.15e-7,        scale=2.0},
  # {metabolite = "mlthf",  compartment = "c", enzyme = "FTHFLi",   exploc=5.003e-09,  scale=2.0},
  {metabolite = "co2",    compartment = "c", enzyme = "FTHFLi",  exploc = 9e-4, scale = 1.0},
  {metabolite = "accoa",  compartment = "c", enzyme = "FTHFLi",  exploc = 1.5e-3,       scale = 0.7},
  {metabolite = "coa",    compartment = "c", enzyme = "FTHFLi",  exploc=4.329e-08,      scale=1.0},
  # {metabolite = "thf",    compartment = "c", enzyme = "FTHFLi",  exploc = 4.217e-07,    scale = 0.7},
  {metabolite = "co2",    compartment = "e", enzyme = "CO2t",  exploc = 1e-5,         scale = 1.0},
  {metabolite = "co2",    compartment = "c", enzyme = "CO2t",  exploc = 5e-5,         scale = 1.0},
  {metabolite = "co",     compartment = "e", enzyme = "COt",   exploc = 1e-5,         scale = 1.0},
  {metabolite = "co",     compartment = "c", enzyme = "COt",   exploc = 1e-5,         scale = 1.0},
  {metabolite = "h2e",     compartment = "e", enzyme = "H2t",   exploc = 1e-5,         scale = 1.0},
  {metabolite = "h2",     compartment = "c", enzyme = "H2t",   exploc = 5e-6,         scale = 1.0},
  {metabolite = "ace",     compartment = "e", enzyme = "Act",   exploc = 0.006,         scale = 1.0},
  {metabolite = "ac",     compartment = "c", enzyme = "Act",   exploc = 0.0006,        scale = 1.0},
  {metabolite = "etohe",   compartment = "e", enzyme = "Etoht", exploc = 0.225,         scale = 1.0},
  {metabolite = "etoh",   compartment = "c", enzyme = "Etoht", exploc = 0.225,         scale = 1.0},
  {metabolite = "bdoe",   compartment = "e", enzyme = "Bdot", exploc = 2.3183567487365E-08,         scale = 2.0},
  {metabolite = "bdo",   compartment = "c", enzyme = "Bdot", exploc = 2.3183567487365E-08,         scale = 2.0},
  {metabolite = "for",    compartment = "c", enzyme = "FTHFLi",  pct1 = 3.67e-05,     pct99 = 0.0003},
  {metabolite = "atp",    compartment = "c", enzyme = "FTHFLi",  pct1 = 1.2e-05,      pct99 = 0.0005889},
  {metabolite = "adp",    compartment = "c", enzyme = "FTHFLi",  pct1 = 3.2e-05,      pct99 = 0.00013},
  # {metabolite = "thf",    compartment = "c", enzyme = "FTHFLi",  exploc = 3.048e-09,      scale = 2.0},
  # {metabolite = "10fthf", compartment = "c", enzyme = "FTHFLi",  exploc = 5.003e-09,         scale = 2.0},
  {metabolite = "pi",     compartment = "c", enzyme = "FTHFLi",  exploc = 0.0069,      scale = 0.4},
  # {metabolite = "10fthf", compartment = "c", enzyme = "FTHFLi",  exploc = 5.003e-09,         scale = 2.0},
  # {metabolite = "mlthf", compartment = "c", enzyme = "FTHFLi",  exploc = 5.003e-09,         scale = 2.0},
  {metabolite = "nadph",  compartment = "c", enzyme = "FTHFLi", exploc=6.00093e-08,    scale=2.0},
  {metabolite = "nadp",   compartment = "c", enzyme = "FTHFLi", exploc=2.85e-07,    scale=2.0},
  # {metabolite = "atp",     compartment = "c", enzyme = "ACK",     pct1 = 1e-9,      pct99 = 1e-6},
  # {metabolite = "adp",     compartment = "c", enzyme = "ACK",     pct1 = 1e-9,       pct99 = 1e-6},
  # {metabolite = "ac",      compartment = "c", enzyme = "ACK",     pct1 = 1e-9,        pct99 = 1e-4},
  # {metabolite = "actp",    compartment = "c", enzyme = "ACK",   exploc = 1e-9,      scale = 0.7},
  # ACK and PTA come from BRENDA
  {metabolite = "atp",     compartment = "c", enzyme = "ACK",     pct1 = 0.016e-3,      pct99 = 56e-3},
  {metabolite = "adp",     compartment = "c", enzyme = "ACK",     exploc = 0.71e-3,       scale = 1.0},
  {metabolite = "ac",      compartment = "c", enzyme = "ACK",     exploc = 5.8e-3,        scale = 1.0},
  # {metabolite = "actp",    compartment = "c", enzyme = "ACK",   exploc = 2.5e-6,   scale = 0.7},
  {metabolite = "actp",    compartment = "c", enzyme = "ACK",   exploc = 1e-7,   scale = 0.7},
  {metabolite = "actp",    compartment = "c", enzyme = "PTA",     pct1 = 2.4e-05,      pct99 = 0.0225},
  {metabolite = "coa",     compartment = "c", enzyme = "PTA",     pct1 = 2.9999e-08,   pct99 = 1e-7},
  {metabolite = "accoa",   compartment = "c", enzyme = "PTA",     exploc = 1e-7,      scale = 1.0},
  {metabolite = "pi",      compartment = "c", enzyme = "PTA",     exploc = 6e-5,     scale= 1.0},
  # {metabolite = "actp",    compartment = "c", enzyme = "PTA",     pct1 = 2.43-05,      pct99 = 0.0225},
  # {metabolite = "coa",     compartment = "c", enzyme = "PTA",     pct1 = 2.9999e-08,   pct99 = 1e-7},
  # {metabolite = "accoa",   compartment = "c", enzyme = "PTA",     exploc = 1e-9,      scale = 2.0},
  # {metabolite = "pi",      compartment = "c", enzyme = "PTA",     pct1 = 1e-9,     pct99 = 1e-7},
  # {metabolite = "pyr",   compartment = "e", enzyme = "pyrt", exploc = 4.499619323191708e-08,         scale = 1.0},
  # {metabolite = "pyr",   compartment = "c", enzyme = "pyrt", exploc = 4.499619323191708e-08,         scale = 1.0},
  # {metabolite = "form",   compartment = "e", enzyme = "formt", exploc = 1.28E-08,         scale = 1.0},
  # {metabolite = "form",   compartment = "c", enzyme = "formt", exploc = 1.28E-08,         scale = 1.0},
  # {metabolite = "accoa",   compartment = "e", enzyme = "accoat", exploc = 3.477139285925625e-07,         scale = 1.0},
  # {metabolite = "accoa",   compartment = "c", enzyme = "accoat", exploc = 3.477139285925625e-07,         scale = 1.0},
  # {metabolite = "ac",     compartment = "c",  enzyme = "ADHalone",   exploc=0.0018,                 scale = 0.2},
  # {metabolite = "nadph",  compartment = "c", enzyme = "ADHalone", exploc=6.00093e-07,    scale=2.0},
  # {metabolite = "nadp",   compartment = "c", enzyme = "ADHalone", exploc=2.85e-06,    scale=2.0},
  # {metabolite = "nadh",   compartment = "c", enzyme = "ADHalone",   exploc=2e-7,           scale=2.0},
  # {metabolite = "nad",    compartment = "c", enzyme = "ADHalone",   exploc=1.15e-5,        scale=2.0},
  # {metabolite = "acald",  compartment = "c",  enzyme = "ADHalone",   exploc=1.5e-7,           scale = 1.0},
  {metabolite = "accoa",     compartment = "c", enzyme = "ACALD",     exploc = 1e-9,      scale = 2.0},
  {metabolite = "nadh",   compartment = "c", enzyme = "ACALD",   exploc=2e-08,          scale = 0.4},
  {metabolite = "nad",    compartment = "c", enzyme = "ACALD",   exploc=0.00056,        scale = 0.6},
  {metabolite = "coa",     compartment = "c", enzyme = "ACALD",     pct1 = 2.9999e-08,   pct99 = 1e-7},
  {metabolite = "acald",    compartment = "c", enzyme = "ACALD",   exploc = 1e-5,      scale = 1.0},
  {metabolite = "accoa",     compartment = "c", enzyme = "ACALD2",     exploc = 1e-9,      scale = 2.0},
  {metabolite = "nadph",   compartment = "c", enzyme = "ACALD2",   exploc=2e-08,          scale = 0.4},
  {metabolite = "nadp",    compartment = "c", enzyme = "ACALD2",   exploc=0.00056,        scale = 0.6},
  {metabolite = "coa",     compartment = "c", enzyme = "ACALD2",     pct1 = 2.9999e-08,   pct99 = 1e-7},
  {metabolite = "acald",    compartment = "c", enzyme = "ACALD2",   exploc = 1e-5,      scale = 1.0},
  {metabolite = "acald",    compartment = "c", enzyme = "ADH",   exploc = 1e-5,      scale = 1.0},
  {metabolite = "acald",     compartment = "c", enzyme = "ALCD2ir",   exploc=1e-5,         scale = 1.0},
  {metabolite = "etoh",   compartment = "c", enzyme = "ALCD2ir",   exploc=0.00075,        scale = 0.3},
  {metabolite = "nadh",   compartment = "c", enzyme = "ALCD2ir",   exploc=2e-08,          scale = 0.4},
  {metabolite = "nad",    compartment = "c", enzyme = "ALCD2ir",   exploc=0.00056,        scale = 0.6},
  {metabolite = "acald",     compartment = "c", enzyme = "BMC",   exploc=1e-5,         scale = 1.0},
  {metabolite = "etoh",   compartment = "c", enzyme = "BMC",   exploc=0.00075,        scale = 0.3},
  {metabolite = "actp",    compartment = "c", enzyme = "BMC",     pct1 = 2.4e-05,      pct99 = 0.0225},
  {metabolite = "pi",      compartment = "c", enzyme = "BMC",     exploc = 6e-5,     scale= 1.0},
  {metabolite = "nad",      compartment = "c", enzyme = "CAETHGRS01830",     pct1 =5e-8,      pct99 = 1.8e-5},
  {metabolite = "nadh",     compartment = "c", enzyme = "CAETHGRS01830",     exploc=9.79567952875339e-07, scale = 0.5},
  {metabolite = "pyr",     compartment = "c", enzyme = "CAETHGRS01830",     exploc=9.8e-5,   scale = 0.5},
  {metabolite = "bdo",     compartment = "c", enzyme = "CAETHGRS01830",     exploc=6.5e-5,   scale = 0.5},
  {metabolite = "co2",      compartment = "c", enzyme = "CAETHGRS01830",     pct1 = 0.000425,     pct99 = 1.8e-2},  
  # {metabolite = "coa",     compartment = "c", enzyme = "ALCD2ir",     pct1 = 2.9999e-08,   pct99 = 1e-7},
]
conc_unbalanced = [
  # {metabolite="pi",compartment="c",experiment="syngas",pct1=3.0290015007404646e-08,pct99=2.239477823167589e-07},
  {  metabolite="co",    compartment="e",experiment="syngas",  exploc=0.0006237409,        scale=0.4234925},
  {  metabolite="h2e",   compartment="e",experiment="syngas",  exploc=0.0001878291,        scale=0.4302152},
  {  metabolite="co2",   compartment="e",experiment="syngas",  exploc=0.0131150321,        scale=0.3020056},
  {  metabolite="etohe", compartment="e",experiment="syngas",  pct1=0.10,  pct99=0.1252441936},
  {  metabolite="ace",    compartment="e",experiment="syngas",  pct1=0.13075,  pct99=0.13593},
  # {metabolite="nad",compartment="c",experiment="syngas",pct1=5.0325683664773434e-06,pct99=7.2197680276838665e-06},
  # {metabolite="nadh",compartment="c",experiment="syngas",pct1=1.718950115798723e-08,pct99=8.690656000063032e-08},
  {metabolite="nadph",compartment="c",experiment="syngas",pct1=1.6485196760396243e-07,pct99=2.1909930148074237e-07},
  {metabolite="nadp",compartment="c",experiment="syngas",pct1=2.416181235323315e-06,pct99=2.5529459798846693e-06},
  {metabolite="atp",compartment="c",experiment="syngas",pct1=1e-4,pct99=0.02},
  {metabolite="adp",compartment="c",experiment="syngas",pct1=1e-5,pct99=0.02},
  {metabolite="bdo",compartment="c",experiment="syngas",exploc=4.3486E-6, scale=0.2},
  {metabolite="mlthf",compartment="c",experiment="syngas",pct1=9.999999999999982e-09,pct99=0.0010000000000000002},
  {metabolite="5mthf",compartment="c",experiment="syngas",pct1=9.999999999999982e-09,pct99=0.0010000000000000002},
  {metabolite="thf",compartment="c",experiment="syngas",pct1=9.999999999999982e-09,pct99=0.0010000000000000002},
  {metabolite="10fthf",compartment="c",experiment="syngas",pct1=9.999999999999982e-09,pct99=0.0010000000000000002},
  {metabolite="pi",compartment="c",experiment="syngas",pct1=3.0290015007404646e-08,pct99=2.239477823167589e-07},
  {metabolite="coa",compartment="c",experiment="syngas",pct1=9.999999999999982e-09,pct99=1.578319108564113e-08}
]
conc_enzyme = [
  {enzyme = "cPFOR",   experiment = "syngas",     exploc = 1.93e-07,  scale = 0.109655071},
  {enzyme = "RNF", experiment = "syngas", exploc = 1.2e-07, scale = 0.121050525},
  {enzyme = "CODH", experiment = "syngas", exploc = 1.05e-07, scale = 0.12253327},
  {enzyme = "FHL",   experiment = "syngas",     exploc = 6.6e-08,   scale = 0.142729904},
  {enzyme = "ADH",   experiment = "syngas",     exploc = 1.358e-07, scale = 0.140540277},
  {enzyme = "ADH2",   experiment = "syngas",     exploc = 1.358e-07, scale = 0.140540277},
  {enzyme = "HytA",   experiment = "syngas",     exploc = 8.8e-08,   scale = 0.088574011},
  {enzyme = "HytA2",   experiment = "syngas",     exploc = 8.8e-08,   scale = 0.088574011},
  {enzyme = "HytA3",   experiment = "syngas",     exploc = 8.8e-08,   scale = 0.088574011},
  {enzyme = "CO2t",  experiment = "syngas", exploc = 1e-6,     scale = 1.0},
  {enzyme = "FTHFLi",   experiment = "syngas",     exploc = 8.1e-07,   scale = 0.058164625},
  {enzyme = "COt",   experiment = "syngas", exploc = 1e-6,     scale = 1.0},
  {enzyme = "H2t",   experiment = "syngas", exploc = 1e-6,     scale = 1.0},
  {enzyme = "H2t",   experiment = "syngas", exploc = 1e-6,     scale = 1.0},
  {enzyme = "ACK",   experiment = "syngas",     exploc = 1.358e-07, scale = 0.140540277},
  {enzyme = "PTA",   experiment = "syngas",     exploc = 2.28e-07,  scale = 0.053948453},
  {enzyme = "Etoht", experiment = "syngas", exploc = 1e-6,     scale = 1.0},
  {enzyme = "Act",   experiment = "syngas", exploc = 1e-6,     scale = 1.0},
  # {enzyme = "MTHFO2",   experiment = "syngas",     exploc = 3.36e-07,  scale = 0.046680147},
  {enzyme = "CAETHGRS07665", experiment = "syngas", exploc = 1.2e-07, scale = 0.121050525},
  {enzyme = "ACALD",   experiment = "syngas",     exploc = 9e-08,     scale = 0.292247715},
  {enzyme = "ACALD2",   experiment = "syngas",     exploc = 9e-08,     scale = 0.292247715},
  {enzyme = "BMC",   experiment = "syngas",     exploc = 9e-08,     scale = 0.292247715},
  {enzyme = "ALCD2ir",   experiment = "syngas",     exploc = 9e-08,     scale = 0.292247715},
  {enzyme = "CAETHGRS01830", experiment = "syngas",   exploc = 3.5e-08,  scale = 0.507088382},
  {enzyme = "Bdot", experiment = "syngas",   exploc = 1e-6,  scale = 0.507088382},
  # {enzyme = "CAETHGRS07845", experiment = "syngas", exploc = 6.9e-08, scale = 0.048652736},

]
# conc_moiety_pool = [
drain = [
  {reaction="ACCOADRAIN",   experiment = "syngas", location = 1.39032e-07,  scale = 5e-8},
  {reaction="ACTPDRAIN",   experiment = "syngas", location = 2.22171E-08,  scale = 5e-8},
  {reaction="CO2DRAIN",   experiment = "syngas", location = 3.81438E-08,  scale = 5e-8},
  {reaction="NADPHDRAIN",   experiment = "syngas", location = 1.56316E-07,  scale = 5e-8},
  {reaction="NADHDRAIN",   experiment = "syngas", location = 8.50254E-08,  scale = 5e-8},
  {reaction="PYRDRAIN",   experiment = "syngas", location = 1.39032e-07,  scale = 5e-8},
  {reaction="ACDRAIN",   experiment = "syngas", location = 1.64216936368835E-06,scale=1.03823965955274E-07},
  {reaction="ETOHDRAIN",   experiment = "syngas", location=1.44510904004575E-06,scale=2.18576770432155E-08},
  {reaction="BDODRAIN",   experiment = "syngas", location=3.43889584395914E-08,scale=5.46441926080392E-10},
]
psi = [
  {experiment = "syngas", location = -0.125, scale = 0.02},
]
ki = [
  {metabolite = "co", compartment = "c", enzyme = "HytA", reaction = "hyt", exploc = 0.0001151947, scale = 0.2},
  {metabolite = "co", compartment = "c", enzyme = "HytA2", reaction = "fhlrevhyt", exploc = 9.983543e-05, scale = 0.2},
  {metabolite = "co", compartment = "c", enzyme = "HytA3", reaction = "hytfdr", exploc = 0.0002303895, scale = 0.2},
]
[dgf]
ids = [ "actp", "accoa", "coa", "co", "nadh", "nad", "co2", "h2", "h2e", "for", "ac", "ace", "etoh", "etohe", "nadph", "nadp", "pyr", "adp", "atp", "pi", "acald", "bdo", "bdoe",]
mean_vector = [ -1121.5408051971, -2005.4563884121, -1938.8172716069, -119.9, -1255.4080504758, -1315.6415826221, -386.0, 90.5463725525, 90.5463725525, -312.6044654299, -259.8961849878, -268.8623901911, 39.6726293838, 21.8689504927, -2136.461965453, -2195.6901700116, -359.5542957479, -1476.4284000239, -2349.7212939306, -1064.4798727457, 5.8144915708, 35.2453887473, 5.5725905954]
covariance_matrix = [ [ 1.2150765015, 0.1881993357, -0.4453620782, -0.0, -0.0944937212, -0.136077754, 0.0, -0.0, -0.0, -0.3288942815, 0.7812766216, 0.7812766216, 0.4006166009, 0.4006166009, 0.1215083615, 0.0681062959, -0.0957937314, 0.1395441272, 0.3437281771, 0.2979493223, 0.363687282, 0.0, 0.0,], [ 0.1881993357, 61.2601619588, 61.0962504413, 0.0, 21.8475840069, 21.8344446735, -0.0, 0.0, 0.0, -0.0947470145, 0.1920515217, 0.1920515217, 0.1089348859, 0.1089348859, 21.8683969487, 21.8378470662, 0.0127093518, 0.0020199678, 0.0054223605, 0.0368799254, 0.0969965508, 0.5694032497, 0.5694032497,], [ -0.4453620782, 61.0962504413, 61.8953520877, 0.0, 21.884536089, 21.7648803428, -0.0, 0.0, 0.0, 0.3365811661, -0.3905821626, -0.3905821626, -0.2750285295, -0.2750285295, 21.8169675882, 21.6911151061, 0.0056316223, -0.028433108, -0.1021983447, 0.2870303202, -0.3980422442, 0.5694032497, 0.5694032497,], [ -0.0, 0.0, 0.0, 8.6025374956, 0.0, 0.0, 0.0, 0.0, 0.0, 0.0, -0.0, -0.0, 0.0, 0.0, 0.0, 0.0, -0.0, -0.0, -0.0, 0.0, -0.0, 0.0, 0.0,], [ -0.0944937212, 21.8475840069, 21.884536089, 0.0, 44.8538557801, 44.6789721766, 0.0, -0.0, -0.0, 0.012285374, 0.0527506937, 0.0527506937, 0.2240729286, 0.2240729286, 41.2210962729, 41.0894791737, -0.0163292414, 0.1798387823, 0.0286922256, -0.0601524155, 0.0529575622, -1.1027697366, -1.1027697366,], [ -0.136077754, 21.8344446735, 21.7648803428, 0.0, 44.6789721766, 44.819424553, 0.0, 0.0, 0.0, -0.0195119944, -0.0509554677, -0.0509554677, -0.1349959992, -0.1349959992, 41.1374728256, 41.2778854727, 0.0730860888, 0.2097622169, 0.1175088882, -0.2068120368, -0.007155236, -1.1027697366, -1.1027697366,], [ 0.0, -0.0, -0.0, 0.0, 0.0, 0.0, 8.6127056789, -0.0, -0.0, -0.0, 0.0, 0.0, 0.0, 0.0, 0.0, 0.0, 0.0, 0.0, 0.0, -0.0, 0.0, -0.0, -0.0,], [ -0.0, 0.0, 0.0, 0.0, -0.0, 0.0, -0.0, 8.5971755845, 8.5958661157, 0.0, -0.0, -0.0, -0.0, -0.0, -0.0, -0.0, -0.0, -0.0, -0.0, 0.0, -0.0, 0.0, 0.0,], [ -0.0, 0.0, 0.0, 0.0, -0.0, 0.0, -0.0, 8.5958661157, 8.5971422252, 0.0, -0.0, -0.0, -0.0, -0.0, -0.0, -0.0, -0.0, -0.0, -0.0, 0.0, -0.0, 0.0, 0.0,], [ -0.3288942815, -0.0947470145, 0.3365811661, 0.0, 0.012285374, -0.0195119944, -0.0, 0.0, 0.0, 1.8438830806, -0.2169919273, -0.2169919273, -0.1946087653, -0.1946087653, -0.0743055478, -0.0984800565, 0.1412491439, -0.0401644239, -0.119132486, 0.1336263355, -0.2277288383, 0.0, 0.0,], [ 0.7812766216, 0.1920515217, -0.3905821626, -0.0, 0.0527506937, -0.0509554677, 0.0, -0.0, -0.0, -0.2169919273, 0.9737116116, 0.9675246397, 0.4759285282, 0.4759285282, -0.0574581445, -0.1696876907, -0.0203596348, -0.0484987801, -0.167231003, 0.1673237269, 0.3777647037, -0.0, -0.0,], [ 0.7812766216, 0.1920515217, -0.3905821626, -0.0, 0.0527506937, -0.0509554677, 0.0, -0.0, -0.0, -0.2169919273, 0.9675246397, 0.9689873485, 0.4759285282, 0.4759285282, -0.0574581445, -0.1696876907, -0.0203596348, -0.0484987801, -0.167231003, 0.1673237269, 0.3777647037, -0.0, -0.0,], [ 0.4006166009, 0.1089348859, -0.2750285295, 0.0, 0.2240729286, -0.1349959992, 0.0, -0.0, -0.0, -0.1946087653, 0.4759285282, 0.4759285282, 1.9842796015, 1.9826678146, 0.1315653466, -0.1911935019, -0.1232832891, -0.0390749772, -0.0952724799, 0.0556346386, 1.5425542465, 0.0, 0.0,], [ 0.4006166009, 0.1089348859, -0.2750285295, 0.0, 0.2240729286, -0.1349959992, 0.0, -0.0, -0.0, -0.1946087653, 0.4759285282, 0.4759285282, 1.9826678146, 1.9870500888, 0.1315653466, -0.1911935019, -0.1232832891, -0.0390749772, -0.0952724799, 0.0556346386, 1.5425542465, 0.0, 0.0,], [ 0.1215083615, 21.8683969487, 21.8169675882, 0.0, 41.2210962729, 41.1374728256, 0.0, -0.0, -0.0, -0.0743055478, -0.0574581445, -0.0574581445, 0.1315653466, 0.1315653466, 46.6431464264, 46.4784222986, -0.0963609523, 0.3698961653, 0.5533259689, 0.0827369858, 0.0494746699, -1.1027697366, -1.1027697366,], [ 0.0681062959, 21.8378470662, 21.6911151061, 0.0, 41.0894791737, 41.2778854727, 0.0, -0.0, -0.0, -0.0984800565, -0.1696876907, -0.1696876907, -0.1911935019, -0.1911935019, 46.4784222986, 46.6767269361, -0.0155914391, 0.4027584316, 0.642006242, -0.065948247, -0.0050880048, -1.1027697366, -1.1027697366,], [ -0.0957937314, 0.0127093518, 0.0056316223, -0.0, -0.0163292414, 0.0730860888, 0.0, -0.0, -0.0, 0.1412491439, -0.0203596348, -0.0203596348, -0.1232832891, -0.1232832891, -0.0963609523, -0.0155914391, 0.5783509837, -0.0454928479, -0.1341703758, -0.13346459, -0.0353792795, -0.0, -0.0,], [ 0.1395441272, 0.0020199678, -0.028433108, -0.0, 0.1798387823, 0.2097622169, 0.0, -0.0, -0.0, -0.0401644239, -0.0484987801, -0.0484987801, -0.0390749772, -0.0390749772, 0.3698961653, 0.4027584316, -0.0454928479, 1.5053856619, 1.695559566, 0.1180043227, -0.0095821543, 0.0, 0.0,], [ 0.3437281771, 0.0054223605, -0.1021983447, -0.0, 0.0286922256, 0.1175088882, 0.0, -0.0, -0.0, -0.119132486, -0.167231003, -0.167231003, -0.0952724799, -0.0952724799, 0.5533259689, 0.642006242, -0.1341703758, 1.695559566, 2.2202971454, 0.2588681125, -0.0075149232, 0.0, 0.0,], [ 0.2979493223, 0.0368799254, 0.2870303202, 0.0, -0.0601524155, -0.2068120368, -0.0, 0.0, 0.0, 0.1336263355, 0.1673237269, 0.1673237269, 0.0556346386, 0.0556346386, 0.0827369858, -0.065948247, -0.13346459, 0.1180043227, 0.2588681125, 0.5762887028, -0.090434162, 0.0, 0.0,], [ 0.363687282, 0.0969965508, -0.3980422442, -0.0, 0.0529575622, -0.007155236, 0.0, -0.0, -0.0, -0.2277288383, 0.3777647037, 0.3777647037, 1.5425542465, 1.5425542465, 0.0494746699, -0.0050880048, -0.0353792795, -0.0095821543, -0.0075149232, -0.090434162, 1.5091240065, -0.0, -0.0,], [ 0.0, 0.5694032497, 0.5694032497, 0.0, -1.1027697366, -1.1027697366, -0.0, 0.0, 0.0, 0.0, -0.0, -0.0, 0.0, 0.0, -1.1027697366, -1.1027697366, -0.0, 0.0, 0.0, 0.0, -0.0, 1.9559481249, 1.9435452642,], [ 0.0, 0.5694032497, 0.5694032497, 0.0, -1.1027697366, -1.1027697366, -0.0, 0.0, 0.0, 0.0, -0.0, -0.0, 0.0, 0.0, -1.1027697366, -1.1027697366, -0.0, 0.0, 0.0, 0.0, -0.0, 1.9435452642, 1.9542381136,],]
